0.317501 0
0.317712 0.00554568
0.333026 0.0116295
0.332719 0.0174371
0.339995 0.0237748
0.320242 0.0280175
0.326727 0.0343404
0.322823 0.0396376
0.331795 0.0466307
0.324392 0.0513786
0.322329 0.0568353
0.322319 0.0626526
0.340933 0.0724675
0.344097 0.0794411
0.346352 0.0863553
0.3248 0.0870298
0.333668 0.0956778
0.324669 0.0992613
0.337061 0.109518
0.369257 0.127146
0.3459 0.125897
0.344682 0.132311
0.340029 0.137381
0.353579 0.150085
0.354603 0.157879
0.347082 0.161847
0.342132 0.166869
0.339454 0.172961
0.351488 0.18689
0.35523 0.196907
0.328531 0.189677
0.336104 0.201952
0.368659 0.230364
0.353166 0.229349
0.344995 0.232702
0.353787 0.247724
0.361197 0.262425
0.350091 0.263813
0.353889 0.276488
0.360578 0.291991
0.3692 0.309795
0.368964 0.320735
0.363619 0.327404
0.375732 0.350376
0.376707 0.363782
0.360248 0.360248
0.375007 0.388331
0.37046 0.397269
0.375226 0.41673
0.383115 0.440724
0.382459 0.455797
0.36566 0.451552
0.383411 0.490743
0.382039 0.506983
0.389784 0.536491
0.403383 0.576091
0.390473 0.578899
0.403352 0.621108
0.405857 0.649506
0.401845 0.668783
0.412624 0.714686
0.415402 0.749405
0.429532 0.807832
0.428676 0.841323
0.432511 0.886778
0.442464 0.948868
0.456381 1.02505
0.454129 1.06986
0.458749 1.13544
0.478759 1.24721
0.489351 1.34448
0.50726 1.47319
0.525843 1.61838
0.543351 1.77722
0.576389 2.01011
0.593256 2.21406
0.554343 2.22335
0.514169 2.22711
0.474376 2.23176
0.435835 2.24218
0.396593 2.24919
0.358407 2.26289
0.317649 2.26019
0.277898 2.26329
0.23679 2.2529
0.1988 2.2723
0.158727 2.26991
0.119668 2.28339
0.0796986 2.28227
0.040117 2.2983
1.41118e-16 2.30463
-0.0403738 2.31301
-0.0808559 2.31541
-0.0882298 1.68352
-0.117293 1.67736
-0.146961 1.67977
-0.176322 1.67759
-0.207813 1.6925
-0.146266 1.04074
-0.15342 0.968657
-0.163497 0.927237
-0.16911 0.869995
-0.176579 0.830739
-0.181636 0.786753
-0.184408 0.739619
-0.193635 0.722655
-0.193883 0.676151
-0.199462 0.652411
-0.205119 0.63129
-0.205573 0.597026
-0.201729 0.554246
-0.213698 0.556703
-0.220179 0.544963
-0.218405 0.51453
-0.217067 0.487541
-0.215718 0.462609
-0.225427 0.462193
-0.23697 0.46508
-0.244728 0.460267
-0.259673 0.468463
-0.270109 0.467842
-0.282876 0.470785
-0.291954 0.467224
-0.298241 0.459251
-0.317565 0.47081
-0.333023 0.475606
-0.33546 0.461721
-0.356637 0.473273
-0.375657 0.48082
-0.387065 0.477985
-0.408487 0.486816
-0.406772 0.467938
-0.44379 0.492878
-0.470403 0.504445
-0.486211 0.503486
-0.504088 0.504088
-0.508145 0.49071
-0.54709 0.51017
-0.55765 0.50211
-0.57337 0.498423
-0.604447 0.507192
-0.638057 0.516688
-0.659852 0.515533
-0.698327 0.526227
-0.710228 0.516011
-0.76011 0.532234
-0.792513 0.534557
-0.823277 0.534642
-1.98513 1.24045
-1.99443 1.19837
-2.0107 1.16088
-2.00728 1.11265
-2.01502 1.0714
-2.01483 1.0266
-2.02008 0.985259
-2.04415 0.953202
-2.04466 0.910341
-2.03309 0.862997
-2.0473 0.827164
-2.05774 0.789893
-2.04783 0.745349
-2.05015 0.705925
-2.05078 0.666339
-2.07884 0.635565
-2.068 0.59299
-2.05893 0.551689
-2.08504 0.519858
-2.08241 0.480762
-2.0939 0.445073
-2.08243 0.404782
-2.10673 0.371474
-2.11108 0.334362
-2.12603 0.298793
-2.12353 0.260737
-2.13682 0.224589
-2.12484 0.1859
-2.11919 0.148188
-2.13557 0.11192
-1.14484 -0.0199832
-1.05343 -0.0367866
-0.93483 -0.0489924
-0.853634 -0.0596919
-0.783144 -0.0685162
-0.743343 -0.0781285
-0.683661 -0.083943
-0.660388 -0.0928115
-0.594344 -0.0941348
-0.568388 -0.100222
-0.529164 -0.102859
-0.499431 -0.106157
-0.482158 -0.111315
-0.437528 -0.109088
-0.439865 -0.117862
-0.421705 -0.120922
-0.408498 -0.12489
-0.379306 -0.123244
-0.367332 -0.126482
-0.352441 -0.128278
-0.323423 -0.124151
-0.326992 -0.132113
-0.312234 -0.132536
-0.321002 -0.142919
-0.283774 -0.132326
-0.283839 -0.138437
-0.268803 -0.136962
-0.242744 -0.129069
-0.248535 -0.137765
-0.264728 -0.152841
-0.245447 -0.147479
-0.23018 -0.143832
-0.219233 -0.142372
-0.216017 -0.145705
-0.210116 -0.147125
-0.205419 -0.149246
-0.182906 -0.13783
-0.178334 -0.13933
-0.196003 -0.15872
-0.184049 -0.154435
-0.170524 -0.148234
-0.162303 -0.146138
-0.161716 -0.150803
-0.159085 -0.153626
-0.153028 -0.153028
-0.142334 -0.147391
-0.137757 -0.147726
-0.138975 -0.154347
-0.127873 -0.147101
-0.12194 -0.145323
-0.124259 -0.153447
-0.126966 -0.162509
-0.110251 -0.146307
-0.113324 -0.155978
-0.108484 -0.154932
-0.100683 -0.149268
-0.104235 -0.160508
-0.105775 -0.169275
-0.0982405 -0.1635
-0.0896934 -0.155353
-0.0832601 -0.150205
-0.0827855 -0.155697
-0.0832562 -0.1634
-0.0738772 -0.151471
-0.0803463 -0.172303
-0.0780664 -0.17534
-0.0720202 -0.169669
-0.0678546 -0.167946
-0.0595081 -0.155024
-0.0575995 -0.158253
-0.0582328 -0.16912
-0.0559709 -0.172261
-0.048084 -0.157276
-0.0449564 -0.156782
-0.047486 -0.17722
-0.0466297 -0.187021
-0.0391453 -0.169557
-0.0399295 -0.187854
-0.0348335 -0.179203
-0.0289739 -0.164319
-0.0254629 -0.160766
-0.0235 -0.167211
-0.0224028 -0.182456
-0.0168109 -0.159945
-0.0144862 -0.165579
-0.0125447 -0.179397
-0.00835282 -0.159381
-0.00584184 -0.167288
-0.00315428 -0.180709
-3.11351e-17 -0.169492
0.00315423 -0.180706
0.0057098 -0.163507
0.00959165 -0.18302
0.0123546 -0.176679
0.0140136 -0.160176
0.017998 -0.171239
0.0205237 -0.167152
0.023687 -0.168541
0.0280197 -0.17691
0.0338793 -0.192139
0.0324244 -0.166809
0.0392023 -0.184432
0.0397538 -0.172193
0.0451668 -0.181154
0.0469168 -0.175096
0.055657 -0.194099
0.0518999 -0.169757
0.0556358 -0.171229
0.0653389 -0.189758
0.0587912 -0.161527
0.0722816 -0.1883
0.0809871 -0.20045
0.0796771 -0.187708
0.082313 -0.184878
0.0852877 -0.1829
0.090705 -0.185973
0.10226 -0.200697
0.0935459 -0.175934
0.111578 -0.201292
0.107692 -0.186527
0.112431 -0.187116
0.123546 -0.197716
0.128728 -0.198223
0.128452 -0.190438
0.137325 -0.19612
0.144799 -0.199299
0.137642 -0.182658
0.143735 -0.183973
0.147017 -0.181551
0.162687 -0.193883
0.166774 -0.191852
0.175117 -0.194487
0.184814 -0.198189
0.196229 -0.203201
0.202089 -0.202089
0.211905 -0.204635
0.221977 -0.206997
0.226529 -0.203968
0.226865 -0.19721
0.246208 -0.206593
0.255794 -0.207138
0.285173 -0.222801
0.283478 -0.213616
0.304696 -0.221375
0.293109 -0.205237
0.288466 -0.194572
0.308509 -0.200348
0.299163 -0.186938
0.294436 -0.176915
0.307482 -0.177525
0.302273 -0.167553
0.293219 -0.155908
0.308139 -0.157005
0.294793 -0.14378
0.293821 -0.137011
0.305236 -0.1359
0.310997 -0.13201
0.30836 -0.124586
0.312881 -0.120104
0.309783 -0.112752
0.306279 -0.10546
0.324987 -0.105595
0.308392 -0.0942849
0.316633 -0.0907931
0.309743 -0.0829953
0.307911 -0.0767708
0.301666 -0.0696451
0.324301 -0.0689323
0.301334 -0.0585734
0.303853 -0.0535775
0.317641 -0.0503093
0.317546 -0.0446281
0.300993 -0.0369573
0.310384 -0.0326227
0.336045 -0.0294001
0.320754 -0.0224293
0.332176 -0.0174086
0.328803 -0.0114821
0.324647 -0.00566673
