1.62703 -0.00120907
1.63093 0.0263049
1.64107 0.05418
1.62351 0.0810075
1.63804 0.109485
1.63409 0.136932
1.6268 0.163971
1.62858 0.191956
1.60652 0.216786
1.62463 0.247292
1.61129 0.273076
1.61693 0.30222
1.61179 0.329471
1.5895 0.352797
1.59027 0.381254
1.6039 0.413414
1.60939 0.444021
1.60397 0.471803
1.58539 0.49542
1.60057 0.530237
1.5938 0.558039
1.60228 0.591786
1.60453 0.62377
1.58899 0.648757
0.977128 0.408981
0.937779 0.410044
0.879434 0.40051
0.834074 0.395355
0.81305 0.401407
0.75883 0.388498
0.750027 0.399555
0.721828 0.398916
0.692726 0.396709
0.654503 0.387528
0.631752 0.387187
0.606538 0.384319
0.583662 0.382184
0.564775 0.38218
0.548636 0.383647
0.515515 0.370896
0.513257 0.382389
0.487281 0.373624
0.477315 0.378016
0.444262 0.360777
0.438336 0.367863
0.437648 0.380188
0.4148 0.370105
0.397791 0.36507
0.39458 0.374476
0.395568 0.388937
0.38019 0.384638
0.385243 0.404679
0.371529 0.401914
0.380603 0.428566
0.378591 0.441642
0.372849 0.449995
0.375623 0.471094
0.377461 0.491969
0.370861 0.50066
0.368094 0.515932
0.367568 0.535853
0.3625 0.548866
0.368839 0.583776
0.369988 0.611171
0.364816 0.6277
0.359649 0.645265
0.359202 0.67447
0.36147 0.712323
0.359896 0.744069
0.356999 0.775179
0.357474 0.818231
0.350915 0.845441
0.345297 0.878117
0.344508 0.929756
0.339818 0.974136
0.489174 1.58789
0.46471 1.6079
0.434153 1.60416
0.401817 1.59051
0.370933 1.58057
0.344617 1.59273
0.316417 1.59495
0.28743 1.59125
0.258273 1.5841
0.229699 1.57883
0.201337 1.57275
0.175212 1.59241
0.146898 1.58492
0.119286 1.58704
0.0911189 1.5666
0.0637823 1.56471
0.0365333 1.56109
0.00908656 1.5679
-0.0177368 1.5557
-0.0454586 1.56328
-0.0732148 1.56723
-0.101076 1.57
-0.131736 1.59495
-0.156603 1.56956
-0.181207 1.54748
-0.211497 1.56241
-0.238647 1.55697
-0.264567 1.54561
-0.296823 1.56328
-0.280753 1.3791
-0.277579 1.26923
-0.275473 1.17697
-0.266401 1.07237
-0.257979 0.981616
-0.271645 0.965785
-0.709305 2.13449
-0.762354 2.16263
-0.79737 2.14121
-0.842583 2.14477
-0.877329 2.12268
-0.92395 2.12689
-0.955035 2.09697
-0.941792 1.98007
-0.944287 1.90139
-0.931164 1.79922
-0.928741 1.72253
-0.925937 1.64985
-0.91441 1.56731
-0.914479 1.50773
-0.910241 1.44487
-0.918237 1.40298
-0.916566 1.34946
-0.909701 1.29158
-0.894318 1.2256
-0.887266 1.17343
-0.893414 1.13958
-0.895415 1.10211
-0.883309 1.05027
-0.89212 1.02344
-0.882356 0.977931
-0.880194 0.942046
-0.886939 0.916139
-0.869576 0.868239
-0.865723 0.834731
-0.881185 0.819299
-0.87048 0.781709
-0.867302 0.751717
-0.874107 0.730525
-0.867401 0.699435
-0.86788 0.674642
-0.853551 0.640035
-0.86234 0.622447
-0.858902 0.596986
-0.862383 0.576568
-0.859025 0.552344
-0.850385 0.52568
-0.855068 0.507277
-0.851877 0.484861
-0.846831 0.462024
-0.861107 0.449239
-0.857387 0.427746
-0.849996 0.405091
-0.840772 0.382265
-0.84566 0.365829
-0.849775 0.34916
-0.847656 0.330293
-0.842889 0.310825
-0.84017 0.292429
-0.836734 0.274118
-0.834492 0.256469
-0.839859 0.241126
-0.847935 0.226421
-0.843733 0.208716
-0.838688 0.191122
-0.831557 0.17343
-0.847228 0.160155
-0.837703 0.142401
-0.830945 0.125471
-0.840561 0.11089
-0.819551 0.0927912
-0.831068 0.0783696
-0.843837 0.0636816
-0.82219 0.0467539
-0.838341 0.0319668
-0.817821 0.0159672
-0.822638 0.000716839
-0.815404 -0.0144979
-0.834606 -0.0303692
-0.816827 -0.0450182
-0.811485 -0.0599299
-0.811516 -0.0751544
-0.820815 -0.0913907
-0.829214 -0.107899
-0.829098 -0.123579
-0.821278 -0.138115
-0.807498 -0.151409
-0.798029 -0.165135
-0.832287 -0.187876
-0.810563 -0.199108
-0.810313 -0.215001
-0.800411 -0.228445
-0.823584 -0.251116
-0.816874 -0.265718
-0.791615 -0.274232
-0.798392 -0.292949
-0.812858 -0.314916
-0.788745 -0.322907
0.04488 -0.26158
0.0496674 -0.251881
0.0541151 -0.241877
0.0586087 -0.264545
0.0634567 -0.272342
0.0675279 -0.257707
0.0718439 -0.254673
0.076231 -0.253669
0.0806785 -0.253491
0.0854064 -0.255617
0.0889415 -0.248213
0.0919608 -0.239017
0.0969334 -0.243042
0.104152 -0.258049
0.108186 -0.254897
0.113441 -0.257524
0.117699 -0.255509
0.121942 -0.253566
0.127318 -0.255751
0.133032 -0.258628
0.137599 -0.257407
0.139147 -0.247241
0.147568 -0.257206
0.155551 -0.2648
0.159999 -0.26258
0.16446 -0.260427
0.165004 -0.24938
0.162386 -0.232293
0.177585 -0.25352
0.177843 -0.243078
0.18417 -0.244869
0.186892 -0.239755
0.195137 -0.244531
0.205196 -0.251791
0.212329 -0.253565
0.217166 -0.251426
0.224364 -0.252769
0.220905 -0.23844
0.229034 -0.241023
0.245854 -0.254834
0.244335 -0.243771
0.256276 -0.250003
0.255468 -0.240247
0.27875 -0.258843
0.27548 -0.24619
0.28476 -0.247692
0.287934 -0.242451
0.300465 -0.24671
0.303556 -0.241212
0.312355 -0.241148
0.327347 -0.246395
0.332163 -0.242059
0.337138 -0.237823
0.354402 -0.243549
0.346645 -0.228853
0.366059 -0.235418
0.396404 -0.249126
0.400207 -0.242749
0.400321 -0.233893
0.427359 -0.242821
0.425395 -0.232392
0.451015 -0.238919
0.453267 -0.230859
0.480191 -0.23663
0.490788 -0.23263
0.499119 -0.227177
0.53339 -0.234246
0.530861 -0.222761
0.563952 -0.227487
0.603212 -0.233622
0.609322 -0.224843
0.63369 -0.223019
0.65877 -0.220632
0.67379 -0.213924
0.730311 -0.220325
0.779826 -0.222534
0.79445 -0.212942
0.854445 -0.215157
0.883403 -0.207484
0.961845 -0.210356
0.978992 -0.197371
1.07702 -0.1997
1.15954 -0.195847
1.25578 -0.191328
1.36594 -0.185452
1.4891 -0.177371
1.6467 -0.168684
1.64725 -0.140654
1.63572 -0.111839
1.64062 -0.0843775
1.64271 -0.0566995
1.63646 -0.0288353
