1.73328 -0.584973
1.72768 -0.585635
0.781136 -0.612936
0.565236 -0.619281
0.539807 -0.620225
0.52211 -0.620945
0.52538 -0.621085
0.523639 -0.621365
0.525294 -0.621556
0.520037 -0.621935
0.529407 -0.621929
0.527747 -0.622218
0.522322 -0.622608
0.523623 -0.622826
0.526346 -0.623013
0.508142 -0.623729
0.496255 -0.624284
0.493666 -0.624609
0.521947 -0.624192
0.494349 -0.62513
0.491108 -0.625483
0.48687 -0.625864
0.4905 -0.626067
0.479866 -0.626602
0.484936 -0.626788
0.487806 -0.627032
0.468973 -0.627755
0.463643 -0.628186
0.469745 -0.628384
0.469719 -0.628722
0.463741 -0.629189
0.455167 -0.629713
0.446059 -0.630252
0.447357 -0.630599
1.49875 -0.611648
1.49121 -0.612666
1.48766 -0.61364
0.938585 -0.623896
0.877996 -0.625592
0.837909 -0.626926
0.771451 -0.628649
0.723727 -0.63005
0.680547 -0.63136
0.637261 -0.63265
0.592723 -0.633933
0.567034 -0.634961
0.515978 -0.636278
0.473202 -0.637467
0.437278 -0.638562
0.402308 -0.639629
0.36874 -0.640668
0.332395 -0.641709
0.303152 -0.642685
0.261102 -0.643712
0.228345 -0.644666
0.197814 -0.645594
0.163975 -0.646507
0.140122 -0.6474
0.101927 -0.648259
-0.1515 -0.648115
-0.159502 -0.648617
-0.162394 -0.649188
-0.168089 -0.649781
-0.172748 -0.650436
-0.178132 -0.651145
-0.185029 -0.651895
-0.191414 -0.652738
-0.201134 -0.653583
-0.20951 -0.654572
-0.2197 -0.655626
-0.230193 -0.656826
-0.239713 -0.658305
-0.186425 -0.664992
-0.223936 -0.665841
-0.257452 -0.667027
-0.292814 -0.66796
-0.327355 -0.668939
-0.361417 -0.669963
-0.395337 -0.670971
-0.429179 -0.672201
-0.46244 -0.672812
-0.4961 -0.673933
-0.529199 -0.674861
-0.563346 -0.67604
-0.596321 -0.676967
-0.629446 -0.677937
-0.660797 -0.678679
-0.69397 -0.679684
-0.727965 -0.680774
-0.759365 -0.68158
-0.793953 -0.68271
-0.826891 -0.683669
-0.858617 -0.684521
-0.888005 -0.685189
-0.905988 -0.684985
-0.863653 -0.680327
-0.840499 -0.677455
-0.823793 -0.675273
-0.80015 -0.672793
-0.787848 -0.671237
-0.772595 -0.669602
-0.765235 -0.668568
-0.748739 -0.667043
-0.745724 -0.66641
-0.739243 -0.665616
-0.731474 -0.664793
-0.730551 -0.664397
-0.725653 -0.663807
-0.715426 -0.662957
-0.715172 -0.662675
-0.707531 -0.662022
-0.71178 -0.662009
-0.705443 -0.661464
-0.698588 -0.660913
-0.682177 -0.65991
-0.68803 -0.660024
-0.687758 -0.659843
-0.688626 -0.659725
-0.690184 -0.659644
-0.674674 -0.658776
-0.678532 -0.65882
-0.677364 -0.658636
-0.686463 -0.65892
-0.681224 -0.658562
-0.673938 -0.658124
-0.682201 -0.658373
-0.670963 -0.657777
-0.663871 -0.657371
-0.675672 -0.657775
-0.665014 -0.657229
-0.661636 -0.656997
-0.663468 -0.656985
-0.660015 -0.656758
-0.667504 -0.656979
-0.670564 -0.657019
-0.664806 -0.656707
-0.650456 -0.656061
-0.673397 -0.656889
-0.648435 -0.655839
-0.663572 -0.656356
-0.649833 -0.655757
-0.662314 -0.656166
-0.65673 -0.655887
-0.647871 -0.655488
-0.648232 -0.655439
-0.636295 -0.654937
-0.637441 -0.654921
-0.650485 -0.65534
-0.642064 -0.654976
-0.645411 -0.655039
-0.649482 -0.655128
-0.646461 -0.654964
-0.64692 -0.654925
-0.64342 -0.654747
-0.634023 -0.654367
-0.658464 -0.655159
-0.627975 -0.654059
-0.640612 -0.654439
-0.659959 -0.655041
-0.623278 -0.653756
-0.620169 -0.653606
-0.636979 -0.654116
-0.65563 -0.654679
-0.643946 -0.654244
-0.636387 -0.653949
-0.633435 -0.653805
-0.619043 -0.653297
-0.640279 -0.653926
-0.626396 -0.65344
-0.63696 -0.653724
-0.634718 -0.653606
-0.632006 -0.653474
-0.638295 -0.653619
-0.645172 -0.653778
-0.629499 -0.653255
-0.641013 -0.653552
-0.641788 -0.653525
-0.638787 -0.653386
-0.616319 -0.652679
-0.625361 -0.652896
-0.637246 -0.65319
-0.628932 -0.652902
-0.632521 -0.652955
-0.61791 -0.652494
-0.632674 -0.652857
-0.642253 -0.65307
-0.632575 -0.652751
-0.617233 -0.652283
-0.628329 -0.652532
-0.64178 -0.652837
-0.649178 -0.652975
-0.629222 -0.652395
-0.613721 -0.651939
-0.630052 -0.652305
-0.620848 -0.652015
-0.620507 -0.651951
-0.612313 -0.651692
-0.619742 -0.651818
-0.619948 -0.651765
-0.608874 -0.651441
-0.623503 -0.651729
-0.610211 -0.651357
-0.632029 -0.651796
-0.609339 -0.651215
-0.614577 -0.651269
-0.625925 -0.651451
-0.609557 -0.651026
-0.599969 -0.650755
-0.628959 -0.651293
-0.615007 -0.650928
-0.61513 -0.650854
-0.621875 -0.650908
-0.602212 -0.650445
-0.611539 -0.650543
-0.602037 -0.650283
-0.614968 -0.650431
-0.604423 -0.650154
-0.608385 -0.650129
-0.596251 -0.649832
-0.613151 -0.650007
-0.598708 -0.649677
-0.605696 -0.649675
-0.607905 -0.649593
-0.602179 -0.649395
-0.584537 -0.649045
-0.595712 -0.649064
-0.605527 -0.649045
-0.583384 -0.648664
-0.599422 -0.648684
-0.590267 -0.648444
-0.590627 -0.648287
-0.587481 -0.648094
-0.590773 -0.647934
-0.586993 -0.64772
-0.585602 -0.647509
-0.583605 -0.647284
-0.582546 -0.647047
-0.586032 -0.646789
-0.580957 -0.646518
-0.577061 -0.646233
-0.573018 -0.645934
-0.565941 -0.645645
-0.56611 -0.645269
-0.565264 -0.644861
-0.563419 -0.64442
0.253195 -0.620515
0.259843 -0.620462
0.292198 -0.619415
0.296406 -0.619462
0.33092 -0.618355
0.363105 -0.617351
0.374056 -0.617158
0.398545 -0.616463
0.439998 -0.615151
0.469688 -0.614289
0.495724 -0.613572
0.539584 -0.612221
0.571976 -0.611301
0.619551 -0.609852
0.673334 -0.608204
0.709686 -0.607193
0.749692 -0.60607
0.834656 -0.603402
0.88406 -0.601998
0.946534 -0.600168
1.01148 -0.59828
1.10394 -0.595491
1.18282 -0.593198
1.25145 -0.591281
1.38832 -0.587136
1.51877 -0.583263
1.64244 -0.579667
1.80173 -0.574973
1.8171 -0.574978
1.80204 -0.575961
1.79804 -0.576586
1.78682 -0.577436
1.80931 -0.577226
1.75206 -0.579502
1.76862 -0.579478
1.77185 -0.57987
1.77254 -0.580341
1.74282 -0.581731
1.77681 -0.581203
1.75618 -0.582314
1.76363 -0.58259
1.73416 -0.583952
1.73988 -0.584282
-0.0174848 -0.640281
