2.41084 0.319386
2.38376 0.344595
2.35489 0.368624
2.33031 0.394828
2.30715 0.422671
2.28258 0.45027
2.2518 0.471003
2.22627 0.497615
2.19957 0.522715
2.17475 0.552608
2.14634 0.573563
2.11975 0.599721
2.09346 0.629522
2.06591 0.650963
2.03881 0.674832
2.01168 0.70099
1.98425 0.728526
1.95638 0.757186
1.92934 0.779176
1.89997 0.812728
1.87262 0.83561
1.84505 0.859595
1.81478 0.892133
1.88078 0.642773
1.87615 0.623427
1.86718 0.619362
1.85717 0.619744
1.85364 0.606612
1.84474 0.60743
1.84535 0.589315
1.83577 0.593811
1.83023 0.590863
1.82657 0.585204
1.82389 0.578645
1.81898 0.576892
1.81386 0.576015
1.80824 0.576411
1.80824 0.567883
1.81167 0.554521
1.80366 0.56003
1.79828 0.561516
1.79684 0.557178
1.79404 0.555235
1.78726 0.559414
1.78388 0.558716
1.775 0.566065
1.76719 0.571845
1.75453 0.584357
1.73979 0.599527
1.73014 0.607559
1.71588 0.621704
1.70013 0.637597
1.6828 0.655316
1.67567 0.659573
1.65927 0.675706
1.64607 0.687566
1.61663 0.719668
1.61369 0.718305
1.58681 0.746541
1.56524 0.767873
1.5311 0.80411
1.52502 0.806171
1.49538 0.836279
1.45784 0.87529
1.44596 0.883741
1.41833 0.910398
1.39078 0.936621
1.36416 0.96146
1.3301 0.994431
1.28361 1.04098
1.25882 1.06266
1.21175 1.10883
0.702431 1.6641
0.697376 1.65963
0.685845 1.66234
0.676288 1.66295
0.676336 1.65329
0.676825 1.64335
0.665851 1.64573
0.662851 1.63972
0.647525 1.64672
0.64809 1.63713
0.626539 1.65054
0.631881 1.63618
0.639476 1.61971
0.620467 1.63044
0.624525 1.61777
0.611789 1.62209
0.603967 1.62145
0.617324 1.59982
0.590912 1.6176
0.594495 1.60577
0.597366 1.59474
0.600822 1.58324
0.599666 1.57628
0.583871 1.58335
0.568304 1.59008
0.585803 1.56541
0.569113 1.57311
0.567106 1.56693
0.559754 1.56573
0.590388 1.52937
0.770908 1.35572
0.90133 1.22978
1.00811 1.12672
1.10245 1.03605
1.11601 1.01881
-0.0911496 2.08947
-0.070856 2.05989
-0.0975627 2.07188
-0.10155 2.06366
-0.0994294 2.05005
-0.0939823 2.03354
-0.117319 2.04173
-0.123895 2.03531
-0.0473576 1.95836
0.0570008 1.85879
0.131162 1.78555
0.227366 1.69479
0.287615 1.63467
0.361508 1.564
0.426722 1.50115
0.479231 1.44922
0.541137 1.39029
0.606141 1.32955
0.648226 1.28755
0.692308 1.2444
0.745039 1.19499
0.776862 1.1622
0.81719 1.12322
0.872742 1.07314
0.900542 1.04445
0.937343 1.00933
0.969844 0.97774
1.00091 0.947513
1.04831 0.905817
1.06957 0.883303
1.10024 0.85432
1.1291 0.826907
1.14379 0.809551
1.18255 0.775859
1.19893 0.757695
1.20531 0.746261
1.24832 0.710735
1.26722 0.691367
1.28667 0.671793
1.31095 0.649347
1.33226 0.628984
1.35676 0.606886
1.38039 0.585585
1.38361 0.576494
1.41056 0.553598
1.42276 0.539348
1.45655 0.513235
1.46758 0.499901
1.48245 0.484543
1.49213 0.471917
1.51362 0.453372
1.5273 0.438859
1.5551 0.417845
1.56452 0.405569
1.5829 0.389356
1.59243 0.377006
1.61175 0.360725
1.61865 0.349333
1.63876 0.333102
1.65069 0.319877
1.66263 0.306623
1.68489 0.290525
1.69683 0.277486
1.70787 0.264602
1.72642 0.250274
1.74372 0.236545
1.74786 0.224519
1.76129 0.211225
1.77779 0.197944
1.7928 0.184965
1.80347 0.171781
1.81286 0.158085
1.83156 0.146101
1.84805 0.134294
1.85656 0.119744
1.87273 0.108327
1.88242 0.093305
1.89979 0.0835848
1.91252 0.0706164
1.92819 0.0611807
1.94076 0.0483782
1.95279 0.0342086
1.96578 0.0213782
1.97737 0.00349323
1.99206 -0.00416718
2.00479 -0.0208495
2.01856 -0.0310095
2.03203 -0.0445287
2.04572 -0.0599903
2.05936 -0.0714268
2.0734 -0.086355
2.08627 -0.0934981
2.10098 -0.110883
2.11624 -0.128892
2.13133 -0.144945
2.14447 -0.154072
2.30012 -0.0514674
2.27724 -0.0288783
2.28954 -0.0388453
2.28142 -0.030045
2.28246 -0.0296478
2.27609 -0.0225521
2.27813 -0.02306
2.27883 -0.022357
2.27793 -0.0202252
2.27541 -0.0166702
2.2872 -0.0256608
2.29837 -0.0339716
2.28615 -0.0219594
2.29086 -0.0245978
2.28379 -0.0171362
2.29695 -0.0268775
2.2872 -0.0171883
2.29212 -0.0198566
2.29399 -0.0199256
2.30307 -0.0259081
2.28629 -0.0106028
2.30249 -0.0222736
2.28771 -0.00875892
2.31321 -0.0276286
2.29918 -0.0147799
2.31251 -0.0236411
2.28771 -0.00251705
2.31217 -0.0198649
2.29583 -0.00551196
2.30427 -0.0102289
2.30742 -0.0108098
2.29962 -0.00311625
2.31633 -0.0136851
2.31141 -0.00808624
2.31348 -0.00761033
2.33074 -0.0180059
2.32793 -0.0137918
2.32524 -0.00965635
2.31555 -0.000628831
2.32835 -0.00720401
2.32917 -0.00536019
2.32 0.00328271
2.31676 0.00789655
2.33192 0.000457611
2.33063 0.00400145
2.33352 0.00493578
2.33525 0.00673822
2.33682 0.00876663
2.33078 0.0155444
2.3442 0.0106927
2.34188 0.0154655
2.35522 0.0113201
2.35106 0.0174625
2.34814 0.022968
2.35741 0.0220157
2.37078 0.0193288
2.3645 0.0272218
2.36382 0.0323736
2.37858 0.0303221
2.37625 0.0369117
2.38615 0.0382428
2.38901 0.0432466
2.39547 0.0472222
2.39927 0.0528694
2.40719 0.0575772
2.41384 0.0635511
2.42436 0.0691211
2.44054 0.0741345
2.44684 0.0834045
2.45529 0.0933238
2.47835 0.101606
2.49074 0.114409
2.50979 0.128457
2.5384 0.144558
2.55946 0.165387
2.54262 0.190796
2.51787 0.216737
2.48534 0.241986
2.46379 0.26821
2.43228 0.292613
