2.34201 0.332493
2.31314 0.357081
2.2838 0.380502
2.25591 0.406082
2.22802 0.433279
2.19942 0.460229
2.17063 0.480402
2.14196 0.506377
2.11337 0.530862
2.08346 0.560062
2.05596 0.580467
2.0269 0.60599
1.99616 0.635092
1.96893 0.655978
1.94072 0.679252
1.91134 0.704772
1.88107 0.731642
1.84998 0.759615
1.82277 0.781044
1.78829 0.813809
1.76045 0.836112
1.7319 0.859496
1.69741 0.891262
1.86327 0.646845
1.87036 0.627826
1.86711 0.623782
1.86097 0.624098
1.86555 0.611185
1.85986 0.611935
1.86942 0.594156
1.86146 0.598512
1.85967 0.595586
1.86037 0.590008
1.86212 0.583553
1.86009 0.581804
1.8575 0.580913
1.85397 0.581268
1.8583 0.572897
1.86712 0.559798
1.85958 0.565159
1.85563 0.566587
1.85698 0.562319
1.85631 0.560395
1.85016 0.564458
1.84851 0.563753
1.83951 0.570915
1.83194 0.576543
1.81807 0.588752
1.80162 0.603558
1.79182 0.611387
1.77617 0.625189
1.75875 0.640699
1.73947 0.657992
1.73307 0.662129
1.71515 0.677871
1.70129 0.689437
1.66752 0.720778
1.66647 0.719423
1.63618 0.746984
1.61254 0.7678
1.57388 0.803173
1.56922 0.805161
1.53634 0.834544
1.49425 0.872621
1.48291 0.880847
1.45298 0.906854
1.42331 0.932436
1.3949 0.956664
1.35794 0.988832
1.30671 1.03426
1.28099 1.0554
1.22961 1.10045
0.645341 1.64257
0.644615 1.63815
0.636399 1.64074
0.630422 1.64128
0.635356 1.6318
0.6407 1.62204
0.632982 1.62431
0.634256 1.61839
0.621609 1.62517
0.626816 1.61577
0.607217 1.62881
0.617682 1.61474
0.630558 1.59861
0.61383 1.60904
0.622673 1.59662
0.612924 1.60079
0.608608 1.60012
0.627525 1.57896
0.602824 1.59626
0.61096 1.58466
0.618267 1.57386
0.62616 1.56259
0.629015 1.55574
0.616049 1.56259
0.603396 1.56911
0.626312 1.54499
0.6125 1.55245
0.614448 1.54638
0.610701 1.54515
0.647347 1.50964
0.842663 1.34022
0.984019 1.21735
1.09973 1.1168
1.20176 1.02834
1.21857 1.0115
-0.0415286 2.05549
-0.0144603 2.02657
-0.0363901 2.03817
-0.0345802 2.03008
-0.0264054 2.01673
-0.0147848 2.00056
-0.0327892 2.00846
-0.0334276 2.00212
0.0510743 1.92702
0.163571 1.82989
0.244774 1.75843
0.34796 1.66989
0.414246 1.61123
0.493988 1.54228
0.564606 1.48097
0.622143 1.43029
0.688807 1.3728
0.758231 1.31355
0.804534 1.27257
0.852607 1.23047
0.908995 1.18227
0.944532 1.15027
0.988261 1.11224
1.04666 1.0634
1.07773 1.0354
1.1174 1.00114
1.15273 0.970321
1.18652 0.940829
1.23582 0.900174
1.25988 0.878197
1.29279 0.849925
1.32384 0.823183
1.34138 0.80623
1.38149 0.773382
1.40043 0.755646
1.41003 0.744459
1.45359 0.709836
1.47465 0.690933
1.49613 0.671832
1.52193 0.649939
1.54492 0.630073
1.57068 0.608523
1.59552 0.587751
1.60206 0.578845
1.62967 0.556526
1.64415 0.542608
1.67746 0.517172
1.69078 0.504147
1.70741 0.489157
1.71956 0.476818
1.74173 0.458739
1.75722 0.444572
1.78439 0.424105
1.79622 0.41211
1.81536 0.396302
1.82729 0.384233
1.84702 0.368364
1.8569 0.35722
1.87708 0.341404
1.89088 0.328491
1.90469 0.31555
1.92608 0.299877
1.93978 0.287147
1.95288 0.274563
1.97116 0.260607
1.9884 0.24723
1.99697 0.235448
2.01169 0.222477
2.02823 0.209536
2.04372 0.196882
2.05675 0.184002
2.06928 0.170611
2.08646 0.158957
2.10224 0.147463
2.11468 0.133229
2.13008 0.122116
2.14346 0.107425
2.1587 0.0979847
2.17284 0.0853284
2.18693 0.0761575
2.20089 0.063663
2.21523 0.0498231
2.22945 0.0373038
2.24541 0.0198139
2.25803 0.0123801
2.27405 -0.00392243
2.28738 -0.0138156
2.30224 -0.0270084
2.31822 -0.0421068
2.33212 -0.0532539
2.34803 -0.0678266
2.3593 -0.0747633
2.37686 -0.0917443
2.39506 -0.109334
2.41217 -0.125004
2.4246 -0.133887
2.46479 -0.032239
2.43974 -0.0101975
2.45209 -0.01991
2.44281 -0.0113183
2.44323 -0.0109222
2.43584 -0.00399366
2.43731 -0.00448033
2.43737 -0.00378599
2.43575 -0.00169847
2.43245 0.00177675
2.44401 -0.00698009
2.45486 -0.0150732
2.44151 -0.0033525
2.44564 -0.0059149
2.43765 0.00136866
2.45041 -0.00811703
2.4397 0.00133767
2.44398 -0.00125295
2.44512 -0.00130963
2.45355 -0.00712919
2.43582 0.00779747
2.45136 -0.0035646
2.43573 0.00961609
2.46044 -0.00875847
2.44558 0.00377266
2.45799 -0.00484798
2.43255 0.0157439
2.45587 -0.0011428
2.43889 0.0128516
2.44629 0.00827059
2.44846 0.00771887
2.43992 0.0152259
2.4552 0.00494869
2.44944 0.0104162
2.45042 0.0108957
2.46595 0.000791792
2.46214 0.00491238
2.45844 0.00895642
2.44811 0.0177619
2.45904 0.0113823
2.45859 0.0131973
2.44876 0.0216282
2.44449 0.0261386
2.45726 0.018925
2.45469 0.0223965
2.45593 0.0233308
2.45605 0.0251105
2.45595 0.0271111
2.44892 0.0337295
2.45935 0.0290456
2.45555 0.0337175
2.46556 0.0297265
2.45998 0.0357322
2.45545 0.0411199
2.46143 0.0402396
2.47072 0.0376807
2.46299 0.0453924
2.45997 0.0504461
2.46976 0.0485191
2.46504 0.0549746
2.47023 0.0563397
2.46938 0.061269
2.47119 0.0652101
2.47058 0.0707766
2.47288 0.0754451
2.47379 0.0813491
2.4772 0.0868794
2.48425 0.0918967
2.48328 0.101034
2.48325 0.110822
2.49272 0.119089
2.49356 0.131732
2.49772 0.145635
2.50651 0.161611
2.50842 0.182184
2.48552 0.207029
2.45766 0.23235
2.42553 0.256946
2.39942 0.282564
2.36833 0.306335
