1.71063 -0.603708
1.83816 -0.609257
3.40551 -0.731385
3.79096 -0.760382
3.88264 -0.765687
3.96144 -0.76999
4.01144 -0.77183
4.06866 -0.774272
4.12228 -0.776358
4.18456 -0.779223
4.23135 -0.780557
4.29115 -0.7831
4.35512 -0.786044
4.41339 -0.788342
4.47161 -0.790551
4.54688 -0.794742
4.61649 -0.798313
4.67988 -0.80106
4.7272 -0.801253
4.80638 -0.806181
4.8731 -0.809103
4.94108 -0.812137
5.00788 -0.814641
5.07939 -0.818213
5.14929 -0.820754
5.22182 -0.823538
5.29542 -0.827699
5.36978 -0.831061
5.44796 -0.833877
5.52749 -0.837125
5.60695 -0.840735
5.68651 -0.844509
5.76677 -0.848344
5.8554 -0.851882
6.79961 -0.825817
7.001 -0.834499
7.21255 -0.843352
6.80433 -0.860428
6.89252 -0.86775
7.00086 -0.874635
7.06531 -0.881348
7.15006 -0.88774
7.23686 -0.893936
7.3183 -0.899919
7.39162 -0.905648
7.50189 -0.911727
7.54965 -0.916813
7.61009 -0.921908
7.68333 -0.927105
7.75513 -0.932184
7.8273 -0.937192
7.88583 -0.941814
7.96556 -0.946865
7.9914 -0.950503
8.0477 -0.954814
8.10939 -0.959207
8.15067 -0.962971
8.23864 -0.968027
8.2446 -0.970617
6.90467 -0.931501
6.98194 -0.935147
7.10169 -0.940212
7.21226 -0.945075
7.34308 -0.9507
7.48256 -0.956723
7.6242 -0.962928
7.7902 -0.970096
7.93973 -0.976796
8.13008 -0.985079
8.32633 -0.993715
8.55543 -1.00371
8.85559 -1.01654
10.7089 -1.08891
10.716 -1.09151
10.8232 -1.09794
10.8613 -1.10167
10.9145 -1.10596
10.9807 -1.11076
11.044 -1.11542
11.1599 -1.12223
11.1326 -1.12316
11.2239 -1.12896
11.2723 -1.13297
11.3748 -1.13925
11.4236 -1.14327
11.4819 -1.14768
11.4956 -1.15017
11.562 -1.15491
11.644 -1.16035
11.6726 -1.16345
11.761 -1.16918
11.8177 -1.17352
11.8555 -1.17701
11.8617 -1.17907
11.7207 -1.17442
10.8394 -1.13585
10.2806 -1.11162
9.85152 -1.09308
9.38784 -1.0727
9.08392 -1.05954
8.7766 -1.04606
8.57027 -1.03719
8.29544 -1.02496
8.16151 -1.01931
8.00738 -1.01262
7.85307 -1.00584
7.76444 -1.00217
7.65029 -0.997211
7.50241 -0.990547
7.43719 -0.987869
7.32237 -0.982714
7.29744 -0.981957
7.20136 -0.977646
7.10671 -0.973363
6.95442 -0.966139
6.95112 -0.966364
6.90989 -0.964664
6.87743 -0.963393
6.85047 -0.962388
6.72539 -0.95633
6.71577 -0.956174
6.67846 -0.95458
6.69861 -0.955961
6.64116 -0.953295
6.57513 -0.950152
6.59144 -0.951326
6.50871 -0.947259
6.44945 -0.944404
6.48387 -0.946534
6.40997 -0.942863
6.37261 -0.941131
6.3603 -0.940741
6.32445 -0.939066
6.33805 -0.940081
6.33172 -0.940011
6.28779 -0.937864
6.20919 -0.933774
6.28654 -0.938341
6.16732 -0.931941
6.21126 -0.934665
6.14073 -0.930942
6.17293 -0.933023
6.13568 -0.93116
6.08733 -0.928642
6.07392 -0.928117
6.01675 -0.92505
6.00722 -0.924732
6.0388 -0.926822
5.99623 -0.924567
5.99403 -0.924683
5.99397 -0.924931
5.97082 -0.9238
5.95914 -0.923352
5.93529 -0.922163
5.89404 -0.919902
5.95489 -0.923888
5.85234 -0.917829
5.87711 -0.919616
5.91949 -0.922534
5.80505 -0.91561
5.7856 -0.914625
5.81941 -0.917038
5.85625 -0.919688
5.81388 -0.91724
5.78308 -0.915519
5.76437 -0.914574
5.71868 -0.911825
5.75772 -0.914723
5.71438 -0.912101
5.72701 -0.913266
5.71065 -0.91246
5.69352 -0.911595
5.69531 -0.912054
5.69758 -0.912569
5.6548 -0.90986
5.66561 -0.911009
5.65519 -0.910631
5.63783 -0.909738
5.58667 -0.90627
5.59131 -0.907014
5.59955 -0.908081
5.57438 -0.906543
5.56825 -0.906513
5.53479 -0.90425
5.54452 -0.905554
5.5454 -0.906179
5.51997 -0.904546
5.48848 -0.902318
5.48999 -0.903062
5.49269 -0.903999
5.48715 -0.904227
5.45306 -0.901609
5.42543 -0.899529
5.42755 -0.900619
5.40657 -0.899198
5.39321 -0.898631
5.3743 -0.897356
5.36588 -0.897469
5.35224 -0.896925
5.33291 -0.895456
5.32531 -0.896044
5.30599 -0.894439
5.29738 -0.895428
5.27703 -0.893203
5.26272 -0.892941
5.24734 -0.893011
5.23133 -0.891352
5.21665 -0.890164
5.19429 -0.891032
5.18004 -0.889593
5.162 -0.888865
5.14001 -0.888382
5.13209 -0.88685
5.10701 -0.886399
5.0946 -0.885309
5.0629 -0.88481
5.0518 -0.883709
5.02563 -0.882884
5.0181 -0.881832
4.97211 -0.880993
4.96865 -0.879964
4.93228 -0.878909
4.90142 -0.877786
4.88419 -0.87673
4.89266 -0.875992
4.83953 -0.87451
4.78435 -0.872861
4.80853 -0.872487
4.73066 -0.870295
4.72116 -0.869345
4.68217 -0.867775
4.65283 -0.866385
4.59806 -0.864352
4.56702 -0.862852
4.52435 -0.861026
4.48153 -0.859155
4.43109 -0.857031
4.35225 -0.854028
4.31436 -0.85217
4.26717 -0.850004
4.21745 -0.847727
4.18569 -0.845996
4.09615 -0.842352
4.00414 -0.838545
3.90957 -0.834571
2.47414 -0.725811
2.49586 -0.726289
2.41543 -0.721019
2.44837 -0.722104
2.36475 -0.716571
2.29363 -0.711691
2.30447 -0.71146
2.26662 -0.708411
2.17044 -0.701938
2.11996 -0.698054
2.08495 -0.695026
1.99196 -0.688535
1.94167 -0.684493
1.84487 -0.677619
1.73301 -0.669749
1.68166 -0.665419
1.6225 -0.660547
1.43063 -0.647495
1.35376 -0.641322
1.24355 -0.632986
1.13259 -0.624467
0.950694 -0.611362
0.815877 -0.601013
0.716876 -0.592756
0.443686 -0.573196
0.201455 -0.555294
-0.00997368 -0.539066
-0.297396 -0.517549
-0.216968 -0.519886
-0.0624775 -0.527118
0.0643783 -0.532541
0.207163 -0.539058
0.273548 -0.540385
0.515902 -0.553794
0.595551 -0.556027
0.704696 -0.560283
0.819565 -0.564929
0.994544 -0.573897
1.04497 -0.573866
1.20093 -0.581499
1.30456 -0.585271
1.47418 -0.594004
1.58161 -0.598037
5.74566 -0.875964
