2.48606 0.234285
2.48535 0.239838
2.49972 0.248312
2.49845 0.254043
2.50471 0.2615
2.48416 0.262604
2.48963 0.269921
2.48482 0.274577
2.49267 0.282954
2.48445 0.286511
2.48147 0.291616
2.4805 0.297404
2.49756 0.310113
2.49958 0.317553
2.5007 0.324791
2.47894 0.322059
2.48641 0.332067
2.47678 0.334212
2.48752 0.346377
2.51694 0.369007
2.49368 0.364076
2.49139 0.370267
2.48588 0.374578
2.49738 0.389363
2.49711 0.397282
2.4889 0.400043
2.4831 0.40426
2.4794 0.4099
2.48917 0.425664
2.49127 0.436226
2.46565 0.424814
2.47122 0.438226
2.4992 0.471646
2.48381 0.468189
2.47504 0.470236
2.48138 0.486577
2.48638 0.502378
2.475 0.502006
2.47671 0.515222
2.48085 0.531707
2.48656 0.55079
2.4845 0.561641
2.47803 0.567434
2.48638 0.592211
2.48513 0.605708
2.46919 0.599592
2.47935 0.629874
2.4733 0.638052
2.47486 0.658175
2.4788 0.683301
2.47564 0.698199
2.45947 0.691322
2.47079 0.733133
2.46672 0.74908
2.4696 0.779672
2.47668 0.821233
2.46325 0.82199
2.46918 0.866034
2.46698 0.894695
2.45975 0.913247
2.46296 0.960637
2.45998 0.995632
2.46448 1.05602
2.45806 1.08921
2.45436 1.13506
2.45405 1.19843
2.45538 1.27645
2.44568 1.3207
2.43944 1.3867
2.44098 1.50111
2.43547 1.59959
2.43209 1.73052
2.42665 1.87797
2.41787 2.03883
2.41239 2.27584
2.39547 2.4815
2.35485 2.4846
2.31387 2.482
2.27313 2.48034
2.23269 2.48462
2.19211 2.48541
2.15149 2.49301
2.111 2.48388
2.07056 2.4807
2.03099 2.46387
1.98962 2.47717
1.94976 2.46846
1.90829 2.47572
1.86834 2.46829
1.82592 2.478
1.78458 2.47796
1.74263 2.47992
1.70157 2.47592
1.79907 1.84584
1.7709 1.83511
1.7407 1.83282
1.71157 1.82602
1.67747 1.83589
1.84748 1.1969
1.85226 1.12403
1.84902 1.08121
1.85288 1.02335
1.8519 0.983103
1.85412 0.938524
1.85916 0.891173
1.85271 0.872832
1.86018 0.826508
1.85852 0.801998
1.85634 0.780083
1.86157 0.745908
1.87254 0.703936
1.86011 0.704491
1.85555 0.691782
1.86238 0.661772
1.86821 0.635121
1.8737 0.61052
1.86402 0.608573
1.85194 0.609624
1.84495 0.603608
1.82858 0.609405
1.8182 0.607139
1.80489 0.608052
1.79636 0.603074
1.79137 0.594146
1.77004 0.602599
1.75372 0.604932
1.75358 0.590727
1.73039 0.598881
1.71003 0.603388
1.69905 0.598766
1.67606 0.604173
1.68092 0.585654
1.6396 0.604632
1.61095 0.611941
1.59523 0.608491
1.57717 0.606267
1.57532 0.592311
1.53297 0.605529
1.52371 0.59584
1.50853 0.589688
1.47586 0.593508
1.44053 0.597652
1.41883 0.59306
1.37841 0.597629
1.36815 0.585581
1.31536 0.593852
1.28242 0.591046
1.25151 0.586273
-0.0326241 1.10529
-0.0349772 1.06195
-0.0450907 1.02206
-0.0336481 0.974599
-0.0345788 0.932324
-0.0269472 0.887765
-0.0253609 0.845783
-0.0442128 0.810076
-0.0376115 0.767336
-0.0181347 0.72204
-0.0264576 0.684132
-0.0307568 0.645387
-0.0134062 0.602618
-0.00919637 0.563011
-0.00325394 0.523513
-0.0263266 0.488452
-0.00837239 0.447788
0.00759349 0.408114
-0.0133437 0.37231
-0.00421541 0.333812
-0.00983476 0.296476
0.00838368 0.258187
-0.0105033 0.221196
-0.00870244 0.183572
-0.0178134 0.14581
-0.00899117 0.108326
-0.0163373 0.0702493
0.0021147 0.0336331
0.0140525 -0.0030087
0.003623 -0.0416926
1.02061 -0.0165272
1.11521 -0.0188174
1.23635 -0.0122372
1.31968 -0.0100646
1.39195 -0.00771614
1.43352 -0.010998
1.49443 -0.00736085
1.51928 -0.0125125
1.58583 -0.00340033
1.61291 -0.00536047
1.65275 -0.00179072
1.68316 -0.000378255
1.70136 -0.002784
1.74582 0.00648011
1.74493 -0.00262145
1.76368 -0.00279989
1.7776 -0.00466414
1.80665 0.0015846
1.81921 0.000252204
1.83447 0.000816503
1.86293 0.00950681
1.86066 0.00101779
1.87556 0.00292792
1.86848 -0.00879122
1.90411 0.00763067
1.90506 0.00153811
1.91991 0.00538104
1.94478 0.0173514
1.9404 0.00778186
1.92664 -0.00978011
1.94512 -0.00139878
1.95985 0.00464195
1.9706 0.00782402
1.97438 0.00501401
1.98055 0.00453289
1.98562 0.00316411
2.00633 0.0180812
2.01117 0.0173101
1.99665 -0.00477916
2.00794 0.00137346
2.0205 0.00968152
2.02841 0.0130655
2.02977 0.00851563
2.03288 0.00612074
2.03887 0.00767274
2.04867 0.0149721
2.05332 0.0153611
2.0532 0.0085788
2.06315 0.0175437
2.06881 0.0202506
2.06783 0.0117989
2.06662 0.0023514
2.08072 0.0211167
2.07923 0.0110064
2.08392 0.0128117
2.09082 0.019681
2.08911 0.00793251
2.08902 -0.00103617
2.09563 0.00590175
2.10286 0.0153595
2.10847 0.0214994
2.10986 0.0161085
2.11067 0.00836771
2.11811 0.0217216
2.11507 -3.47444e-05
2.11786 -0.00269715
2.12299 0.00390189
2.12689 0.00627459
2.13313 0.0204543
2.13558 0.0175413
2.13675 0.0066252
2.13954 0.00385666
2.14498 0.0200171
2.14804 0.0210025
2.14889 0.000260659
2.15137 -0.00935949
2.15599 0.00920475
2.15824 -0.00912968
2.16192 0.000285137
2.16534 0.0160243
2.16828 0.0201148
2.17132 0.0140102
2.17495 -0.000989916
2.17683 0.0222984
2.1801 0.0170586
2.18434 0.00361168
2.18523 0.0241953
2.18907 0.0167219
2.19399 0.00378898
2.1953 0.0154514
2.20033 0.00478806
2.20004 0.0223095
2.20718 0.0035017
2.2089 0.010249
2.20783 0.0269366
2.21367 0.0165542
2.21552 0.0210206
2.21893 0.0201376
2.22467 0.0124931
2.23309 -0.00173977
2.22742 0.0232417
2.23715 0.0067716
2.23568 0.0190407
2.2426 0.0109762
2.24335 0.0172822
2.25529 -0.000251464
2.24747 0.023383
2.25147 0.0225075
2.26429 0.00559821
2.25303 0.0326621
2.27102 0.00814553
2.28178 -0.00257275
2.27835 0.00990315
2.28053 0.0131355
2.28319 0.0155741
2.28914 0.0133711
2.30319 0.000540575
2.29033 0.0238112
2.31265 0.0014204
2.30629 0.0155015
2.31115 0.0156642
2.32407 0.00686962
2.32936 0.00718266
2.32779 0.0148876
2.33765 0.0106337
2.34568 0.00864942
2.33573 0.0240829
2.34207 0.0237362
2.34496 0.0266649
2.36275 0.016865
2.36652 0.0195321
2.37534 0.0182271
2.38569 0.0160733
2.39799 0.0128872
2.40369 0.0149199
2.41397 0.0139361
2.42448 0.0131754
2.42855 0.016909
2.42776 0.0236878
2.44875 0.0174039
2.45847 0.0183754
2.49058 0.00742448
2.48735 0.0162992
2.50995 0.0119277
2.49563 0.0261598
2.4892 0.0360409
2.51029 0.0334576
2.49867 0.0453291
2.49226 0.0545583
2.50547 0.0560114
2.49858 0.0651142
2.48755 0.075275
2.50272 0.0765389
2.48712 0.087594
2.48502 0.0941779
2.4963 0.0970863
2.50144 0.101867
2.49756 0.108841
2.50136 0.114016
2.49703 0.120844
2.49229 0.127548
2.51111 0.130368
2.49256 0.139004
2.50026 0.143781
2.49204 0.150454
2.48917 0.15636
2.48172 0.162466
2.50433 0.16675
2.47954 0.173434
2.48125 0.178804
2.49455 0.184234
2.49351 0.189873
2.47561 0.194894
2.48433 0.200692
2.50957 0.207951
2.49305 0.212475
2.50369 0.219276
2.49932 0.224642
2.49418 0.229773
