2.72629 0.429306
2.72543 0.434648
2.7396 0.445503
2.73818 0.450922
2.74425 0.459357
2.72365 0.456849
2.72894 0.465007
2.72401 0.46875
2.73165 0.478369
2.72333 0.480432
2.72021 0.484936
2.71909 0.490463
2.73584 0.505957
2.73768 0.513635
2.73861 0.520954
2.71689 0.514459
2.72411 0.525617
2.71441 0.526043
2.72485 0.539897
2.75372 0.567317
2.73056 0.558396
2.72811 0.564089
2.72248 0.567368
2.73361 0.583932
2.73314 0.591681
2.72485 0.592962
2.71892 0.596097
2.71507 0.601002
2.72445 0.618229
2.72628 0.628991
2.70092 0.613277
2.70615 0.627453
2.7333 0.665243
2.71798 0.659148
2.70915 0.65963
2.71508 0.676823
2.71968 0.693251
2.70829 0.690893
2.70966 0.704201
2.71338 0.721153
2.7186 0.740934
2.71626 0.751256
2.70963 0.755826
2.71735 0.781676
2.71575 0.794743
2.69995 0.785933
2.70934 0.817518
2.70307 0.824509
2.70411 0.844588
2.7074 0.87001
2.70385 0.884122
2.68784 0.874524
2.6981 0.91766
2.6936 0.932644
2.6957 0.96326
2.70172 1.00541
2.68825 1.0038
2.69304 1.04819
2.6901 1.07602
2.68238 1.09302
2.68437 1.14023
2.68048 1.17415
2.68342 1.23437
2.67613 1.26593
2.67125 1.31041
2.6693 1.37273
2.66861 1.44976
2.65776 1.49162
2.64979 1.55549
2.64838 1.66837
2.64032 1.76435
2.63355 1.89264
2.62429 2.03682
2.61133 2.19362
2.59971 2.42596
2.57746 2.62543
2.5367 2.62137
2.49574 2.61165
2.455 2.60289
2.4144 2.60003
2.37375 2.5937
2.33288 2.59408
2.29257 2.57801
2.25217 2.5678
2.21299 2.54431
2.17122 2.55017
2.13155 2.53463
2.08984 2.53452
2.05002 2.52021
2.0073 2.52235
1.96591 2.51507
1.92387 2.50967
1.88286 2.49855
1.99677 1.8954
1.96885 1.87992
1.93867 1.87238
1.90969 1.86059
1.87528 1.86434
2.06204 1.26512
2.06871 1.19422
2.06657 1.15151
2.07193 1.09523
2.07199 1.05544
2.07537 1.01195
2.08164 0.966225
2.07565 0.947043
2.08433 0.902752
2.0833 0.878335
2.08169 0.856384
2.08781 0.82366
2.09988 0.784264
2.08742 0.782636
2.08318 0.769329
2.0908 0.740985
2.09732 0.715771
2.10346 0.692516
2.09381 0.688906
2.0817 0.687828
2.07485 0.680683
2.05831 0.683526
2.04798 0.67948
2.03463 0.67805
2.02622 0.671658
2.02145 0.661996
1.99988 0.666586
1.98348 0.666027
1.9837 0.65202
1.96028 0.655989
1.93978 0.656865
1.9289 0.650393
1.90575 0.651695
1.91109 0.634316
1.86923 0.645767
1.84035 0.64795
1.8247 0.641804
1.80668 0.636457
1.80519 0.622395
1.76245 0.627998
1.75342 0.616839
1.73838 0.608129
1.70558 0.606173
1.67009 0.604072
1.64849 0.595756
1.6079 0.593182
1.59794 0.579529
1.54487 0.578434
1.51197 0.569912
1.48114 0.559806
0.182034 0.846043
0.1808 0.802967
0.171706 0.761932
0.18439 0.717219
0.184552 0.675444
0.193346 0.632919
0.19602 0.591873
0.178069 0.553428
0.185784 0.512513
0.206456 0.471335
0.199104 0.432565
0.195802 0.393676
0.21428 0.354613
0.21952 0.316364
0.226491 0.278524
0.204298 0.239977
0.223326 0.203092
0.240337 0.166832
0.220301 0.127927
0.230436 0.0916306
0.225776 0.0538964
0.245007 0.0193952
0.227054 -0.0203195
0.229831 -0.0570383
0.221686 -0.0958019
0.231488 -0.131155
0.225119 -0.169919
0.24454 -0.202734
0.25744 -0.236712
0.247999 -0.276614
1.26556 -0.0739347
1.36033 -0.0596401
1.48145 -0.0319697
1.56483 -0.0152538
1.63712 -0.000300326
1.67883 0.00374176
1.73972 0.0179772
1.76473 0.0172531
1.83112 0.0378652
1.85829 0.0406732
1.89808 0.0511556
1.92849 0.0578659
1.94678 0.0586827
1.99105 0.0755786
1.99039 0.0664638
2.00917 0.0695679
2.02316 0.0701687
2.05208 0.0814009
2.06469 0.0822874
2.07995 0.0855114
2.10822 0.0990442
2.10617 0.0902924
2.12103 0.0947779
2.11425 0.0820037
2.1495 0.104401
2.15061 0.0985706
2.16538 0.104952
2.18997 0.121084
2.18584 0.1109
2.17251 0.091206
2.19079 0.102688
2.20538 0.111211
2.21607 0.116224
2.21993 0.11412
2.22611 0.114724
2.23122 0.114264
2.25158 0.132571
2.25644 0.132659
2.24247 0.108375
2.25362 0.116407
2.26597 0.126781
2.27381 0.131496
2.27529 0.127256
2.27847 0.125443
2.28442 0.128017
2.29405 0.136917
2.29869 0.138114
2.29875 0.131416
2.30847 0.141981
2.31407 0.145636
2.31331 0.137146
2.31234 0.127634
2.32597 0.148571
2.32475 0.13836
2.32939 0.140957
2.33612 0.148925
2.33472 0.137063
2.33486 0.128219
2.3413 0.136204
2.34829 0.146779
2.35375 0.153804
2.35528 0.14874
2.35629 0.141262
2.36339 0.155708
2.36091 0.133761
2.36378 0.131629
2.36874 0.139022
2.37258 0.14204
2.37846 0.157088
2.38099 0.15465
2.38245 0.144109
2.38531 0.141873
2.39034 0.158731
2.39337 0.160236
2.39476 0.139968
2.3975 0.130934
2.40165 0.150015
2.40437 0.132362
2.40782 0.142273
2.41083 0.158363
2.41366 0.162903
2.41687 0.157426
2.42089 0.143297
2.42217 0.166548
2.42558 0.161963
2.43018 0.149469
2.43053 0.169885
2.43456 0.1632
2.43983 0.151332
2.44084 0.16304
2.44615 0.153424
2.44541 0.17062
2.45304 0.153356
2.45459 0.160299
2.45309 0.176537
2.4592 0.167339
2.46094 0.17206
2.46438 0.171787
2.47032 0.165267
2.47912 0.152729
2.4728 0.176327
2.48297 0.161818
2.48117 0.173636
2.48831 0.16691
2.4889 0.173248
2.5013 0.158077
2.49287 0.179974
2.49689 0.179811
2.51017 0.16541
2.49819 0.190079
2.51684 0.169095
2.52789 0.160427
2.52413 0.172107
2.52623 0.17567
2.52883 0.178536
2.53485 0.177408
2.54924 0.167237
2.53576 0.187892
2.55869 0.169757
2.55196 0.182506
2.55682 0.183516
2.56999 0.17712
2.57528 0.178353
2.57351 0.185663
2.58348 0.1832
2.59158 0.182652
2.58122 0.196103
2.58757 0.19687
2.59039 0.20026
2.60846 0.193725
2.61216 0.197009
2.62102 0.197267
2.63144 0.196958
2.64384 0.195974
2.64949 0.198972
2.65981 0.199802
2.67035 0.200892
2.67433 0.205279
2.67337 0.211814
2.69454 0.2093
2.70425 0.211956
2.73668 0.206794
2.73322 0.214965
2.75596 0.214615
2.74125 0.22612
2.73456 0.23472
2.75574 0.235867
2.74381 0.24552
2.73715 0.253483
2.75033 0.257224
2.7432 0.264979
2.7319 0.273051
2.74705 0.276949
2.73114 0.285101
2.72887 0.291215
2.74009 0.296051
2.74511 0.301656
2.74105 0.307841
2.74472 0.313599
2.7402 0.319563
2.73529 0.325334
2.75405 0.331401
2.73526 0.336658
2.74285 0.342706
2.73445 0.347837
2.73142 0.353148
2.7238 0.357854
2.74633 0.366027
2.72134 0.36827
2.7229 0.373853
2.73608 0.381526
2.7349 0.386895
2.71685 0.388706
2.72542 0.395937
2.7505 0.407498
2.73385 0.409061
2.74433 0.417616
2.73981 0.422134
2.73453 0.426286
